============ RESTART: C:/Users/Admin/Desktop/Asna/dsml/PROGRAM_13.py ===========
Translation Matrix:
 [[1 0 2]
 [0 1 3]
 [0 0 1]]

Rotation Matrix:
 [[ 0.70710678 -0.70710678  0.        ]
 [ 0.70710678  0.70710678  0.        ]
 [ 0.          0.          1.        ]]

Scaling Matrix:
 [[2 0 0]
 [0 3 0]
 [0 0 1]]

============ RESTART: C:/Users/Admin/Desktop/Asna/dsml/PROGRAM_14.py ===========
Translation Matrix:
 [[1 0 0 2]
 [0 1 0 3]
 [0 0 1 4]
 [0 0 0 1]]

Rotation Matrix (x-axis):
 [[ 1.          0.          0.          0.        ]
 [ 0.          0.70710678 -0.70710678  0.        ]
 [ 0.          0.70710678  0.70710678  0.        ]
 [ 0.          0.          0.          1.        ]]

Rotation Matrix (y-axis):
 [[ 0.70710678  0.          0.70710678  0.        ]
 [ 0.          1.          0.          0.        ]
 [-0.70710678  0.          0.70710678  0.        ]
 [ 0.          0.          0.          1.        ]]

Rotation Matrix (z-axis):
 [[ 0.70710678 -0.70710678  0.          0.        ]
 [ 0.70710678  0.70710678  0.          0.        ]
 [ 0.          0.          1.          0.        ]
 [ 0.          0.          0.          1.        ]]

Scaling Matrix:
 [[2 0 0 0]
 [0 3 0 0]
 [0 0 4 0]
 [0 0 0 1]]

============ RESTART: C:/Users/Admin/Desktop/Asna/dsml/PROGRAM_15.py ===========
Original Matrix A:
[[1 2 3]
 [4 5 6]
 [7 8 9]]

Matrix U:
[[-0.21483724  0.88723069  0.40824829]
 [-0.52058739  0.24964395 -0.81649658]
 [-0.82633754 -0.38794278  0.40824829]]

Singular Values (S):
[1.68481034e+01 1.06836951e+00 4.41842475e-16]

Matrix Sigma:
[[1.68481034e+01 0.00000000e+00 0.00000000e+00]
 [0.00000000e+00 1.06836951e+00 0.00000000e+00]
 [0.00000000e+00 0.00000000e+00 4.41842475e-16]]

Matrix VT:
[[-0.47967118 -0.57236779 -0.66506441]
 [-0.77669099 -0.07568647  0.62531805]
 [-0.40824829  0.81649658 -0.40824829]]

Reconstructed Matrix A:
[[1. 2. 3.]
 [4. 5. 6.]
 [7. 8. 9.]]

Is the reconstruction accurate?
True

